  z[m] p[mb] tp[K] q[g/kg] u[m/s] v[m/s]
0.   32   1005.
-999   1000   298.193   13.4421   -0.133663   0.540459
-999   975   298.584   13.0953   -0.212015   0.701878
-999   950   299.853   11.9972   0.0588551   1.89405
-999   925   300.717   11.4165   0.661037   1.95628
-999   900   301.446   10.9328   1.32366   1.75597
-999   875   302.03   10.4535   1.80496   1.57704
-999   850   302.7   9.69257   2.14522   1.56732
-999   825   303.725   8.55035   2.4743   1.57899
-999   800   304.884   7.50429   2.74964   1.49731
-999   775   306.239   6.49227   2.93769   1.37478
-999   750   307.746   5.56481   3.09663   1.24837
-999   700   310.638   4.35039   3.65404   1.24448
-999   650   313.411   3.61635   4.38158   1.41368
-999   600   316.494   2.98033   4.9166   1.43313
-999   550   319.957   2.3185   5.68668   1.28727
-999   500   323.475   1.77564   6.47019   1.57121
-999   450   327.117   1.2339   6.93134   1.1978
-999   400   330.668   0.839567   8.14465   0.976097
-999   350   334.107   0.512579   9.25276   1.61788
-999   300   337.422   0.303441   10.3071   2.13131
-999   250   341.247   0.136579   11.7152   2.25384
-999   225   344.113   0.0797119   12.2905   1.81042
-999   200   348.595   0.0426732   12.5121   1.63733
-999   175   354.896   0.0220956   12.4786   1.20753
-999   150   363.261   0.0119945   10.5646   -0.661433
-999   125   377.511   0.00675675   7.36338   -1.77775
-999   100   403.496   0.00376347   3.35406   -1.05817
-999   70   454.098   0.00264123   -2.3924   -0.334705
-999   50   508.297   0.00264123   -6.42187   -0.0274253
-999   30   602.532   0.00301562   -10.711   -0.105218
-999   20   691.042   0.00301562   -13.0168   0.0950975
-999   10   873.947   0.00338908   -17.4134   0.0659256
10000.   32   1005.
-999   1000   298.193   13.4421   -0.133663   0.540459
-999   975   298.584   13.0953   -0.212015   0.701878
-999   950   299.853   11.9972   0.0588551   1.89405
-999   925   300.717   11.4165   0.661037   1.95628
-999   900   301.446   10.9328   1.32366   1.75597
-999   875   302.03   10.4535   1.80496   1.57704
-999   850   302.7   9.69257   2.14522   1.56732
-999   825   303.725   8.55035   2.4743   1.57899
-999   800   304.884   7.50429   2.74964   1.49731
-999   775   306.239   6.49227   2.93769   1.37478
-999   750   307.746   5.56481   3.09663   1.24837
-999   700   310.638   4.35039   3.65404   1.24448
-999   650   313.411   3.61635   4.38158   1.41368
-999   600   316.494   2.98033   4.9166   1.43313
-999   550   319.957   2.3185   5.68668   1.28727
-999   500   323.475   1.77564   6.47019   1.57121
-999   450   327.117   1.2339   6.93134   1.1978
-999   400   330.668   0.839567   8.14465   0.976097
-999   350   334.107   0.512579   9.25276   1.61788
-999   300   337.422   0.303441   10.3071   2.13131
-999   250   341.247   0.136579   11.7152   2.25384
-999   225   344.113   0.0797119   12.2905   1.81042
-999   200   348.595   0.0426732   12.5121   1.63733
-999   175   354.896   0.0220956   12.4786   1.20753
-999   150   363.261   0.0119945   10.5646   -0.661433
-999   125   377.511   0.00675675   7.36338   -1.77775
-999   100   403.496   0.00376347   3.35406   -1.05817
-999   70   454.098   0.00264123   -2.3924   -0.334705
-999   50   508.297   0.00264123   -6.42187   -0.0274253
-999   30   602.532   0.00301562   -10.711   -0.105218
-999   20   691.042   0.00301562   -13.0168   0.0950975
-999   10   873.947   0.00338908   -17.4134   0.0659256
